% -------------------------------------------------------------------
%  Generated by MATLAB on 13-Oct-2021 19:15:07
%  MATLAB version: 9.10.0.1739362 (R2021a) Update 5
% -------------------------------------------------------------------
                                         

chromosome = [0.2301109420118779 0.48376038546720029 0.7057588450391683 ...
              0.58171370195026539 0.46654189710773714 0.4936783444540529 ...
              0.47715095515404754 0.52757286139567316 0.5088592739104556 ...
              0.49506921054764474 0.48030107247039322 0.49229572411348455 ...
              0.50357451153992949 0.49382519570245115 0.50657862227432793 ...
              0.52745611868903086 0.57407117696115817 0.48679331876145548 ...
              0.49468930372969905 0.48462416653624424 0.5237154968169031 ...
              0.52103136338511147 0.51612890689840119 0.46911009838789869 ...
              0.48437285167638011 0.34663233551909634 0.50518275546139768 ...
              0.42179400249519888 0.83882534844153622 0.5715039654584696 ...
              0.7929411143734838 0.34305495275664638 0.48751280732203883 ...
              0.54523048550669 0.46619915923573885 0.75178383905977542 ...
              0.71975625831486323 0.50271138032264429 0.14815390130637693 ...
              0.53747356557953208 0.48572005873408541 0.50777800601351042 ...
              0.5039411037630126 0.50257957265672182 0.44899714944548486 ...
              0.50203514184572051 0.49850024350449695 0.47645203187799512 ...
              0.43977756441080262 0.44001197322573166 0.49491617196980153 ...
              0.47197755853021467 0.66499508294200849 0.45930983258215036 ...
              0.34660777014850053 0.38062282448412021 0.50343102152169339 ...
              0.65560036714655467 0.54988963507513933 0.44162665821092312 ...
              0.47767661434513908 0.98991721664706622 0.77204376808548325 ...
              0.5201892486503 0.45502083056276305 0.40791569953566065 0.25052260862384396 ...
              0.51287670077519731 0.34576762397499555 0.46836544982131273 ...
              0.5503657013196549 0.47868860769929639 0.65227819698653788 ...
              0.490635292543596];

