% -------------------------------------------------------------------
%  Generated by MATLAB on 12-Oct-2021 12:43:13
%  MATLAB version: 9.10.0.1739362 (R2021a) Update 5
% -------------------------------------------------------------------
                                         

best = [4 4 5 4 3 4 1 4 1 3 4 4 2 3 4 5 1 4 1 4 2 4 4 3 3 2 3 3 3 3 1 4 ...
        4 4 5 2 2 4 4 3 3 2 1 4 4 3 5 2 2 4 5 3 2 3 2 2 2 1 4 1 3 3 5 3 ...
        4 1 4 1 1 3 4 1];

